subsample = 0.8500000000000001
reg_gamma = 0.8500000000000001
reg_alpha = 0.3
n_estimators = 15
max_depth = 10
learning_rate = 0.8
colsample_bytree = 1.0

best_acc = 58.1%
time = 50.3 s
number of search trials = 100