data,model,transformation,rho,search_random_state,dgp_random_state,train_random_state,boot_random_state,number_of_simulations,test_accuracy,transformed_test_accuracy,accuracy_difference,test_size,standart_error,observable_paired_t_stats,paired_t_p_value,observable_cochran_stats,cochran_p_value,training_time,test_time
snli,gradient boosting,wordnet syn tranformation p and h,0.75,455,49280,47561,32337,1000,0.5891693811074918,0.6008754071661238,-0.011706026058631922,9824,0.3193115633536842,-3.633615900733248,0.0,13.18544366899302,0.0,0.029438344770007664,0.037732458379533554
