data,model,transformation,rho,search_random_state,dgp_random_state,train_random_state,boot_random_state,number_of_simulations,test_accuracy,transformed_test_accuracy,accuracy_difference,test_size,standart_error,observable_paired_t_stats,paired_t_p_value,observable_cochran_stats,cochran_p_value,training_time,test_time
snli,gradient boosting,wordnet syn tranformation p and h,0.86,455,19676,45982,18599,1000,0.5869299674267101,0.605150651465798,-0.01822068403908795,9824,0.3426963787028969,-5.269863167339276,0.0,27.693171996542784,0.0,0.02891599741246965,0.03712941540612115
